t |G><G| |X><X| 

0.998 0.0 1.0 0.0
0.998 1e-13 1.0 7.230101e-12
0.998 2e-13 1.0 1.44602e-11
0.998 3e-13 1.0 2.16903e-11
0.998 4e-13 1.0 2.892041e-11
0.998 5e-13 1.0 3.615051e-11
0.998 6e-13 1.0 4.805343e-11
0.998 7e-13 1.0 5.995634e-11
0.998 8e-13 1.0 7.185926e-11
0.998 9e-13 1.0 8.376218e-11
0.998 1e-12 1.0 9.56651e-11
0.998 1.1e-12 1.0 9.424343e-11
0.998 1.2e-12 1.0 9.282176e-11
0.998 1.3e-12 1.0 9.140009e-11
0.998 1.4e-12 1.0 8.997842e-11
0.998 1.5e-12 1.0 8.855675e-11
0.998 1.6e-12 1.0 8.246995e-11
0.998 1.7e-12 1.0 7.638314e-11
0.998 1.8e-12 1.0 7.029634e-11
0.998 1.9e-12 1.0 6.420954e-11
0.998 2e-12 1.0 5.812274e-11
0.998 2.1e-12 1.0 7.977476e-11
0.998 2.2e-12 1.0 1.014268e-10
0.998 2.3e-12 1.0 1.230788e-10
0.998 2.4e-12 1.0 1.447308e-10
0.998 2.5e-12 1.0 1.663829e-10
0.998 2.6e-12 1.0 2.117445e-10
0.998 2.7e-12 1.0 2.571061e-10
0.998 2.8e-12 1.0 3.024678e-10
0.998 2.9e-12 1.0 3.478294e-10
0.998 3e-12 1.0 3.93191e-10
0.998 3.1e-12 1.0 4.163756e-10
0.998 3.2e-12 1.0 4.395602e-10
0.998 3.3e-12 1.0 4.627448e-10
0.998 3.4e-12 1.0 4.859294e-10
0.998 3.5e-12 1.0 5.09114e-10
0.998 3.6e-12 1.0 5.21836e-10
0.998 3.7e-12 1.0 5.34558e-10
0.998 3.8e-12 1.0 5.4728e-10
0.998 3.9e-12 1.0 5.60002e-10
0.998 4e-12 1.0 5.72724e-10
0.998 4.1e-12 1.0 6.665869e-10
0.998 4.2e-12 1.0 7.604497e-10
0.998 4.3e-12 1.0 8.543126e-10
0.998 4.4e-12 1.0 9.481754e-10
0.998 4.5e-12 1.0 1.042038e-09
0.998 4.6e-12 1.0 1.23592e-09
0.998 4.7e-12 1.0 1.429801e-09
0.998 4.8e-12 1.0 1.623682e-09
0.998 4.9e-12 1.0 1.817564e-09
0.998 5e-12 1.0 2.011445e-09
0.998 5.1e-12 1.0 2.202985e-09
0.998 5.2e-12 1.0 2.394526e-09
0.998 5.3e-12 1.0 2.586066e-09
0.998 5.4e-12 1.0 2.777606e-09
0.998 5.5e-12 1.0 2.969147e-09
0.998 5.6e-12 1.0 3.176636e-09
0.998 5.7e-12 1.0 3.384125e-09
0.998 5.8e-12 1.0 3.591615e-09
0.998 5.9e-12 1.0 3.799104e-09
0.998 6e-12 1.0 4.006593e-09
0.998 6.1e-12 1.0 4.48371e-09
0.998 6.2e-12 1.0 4.960827e-09
0.998 6.3e-12 1.0 5.437944e-09
0.998 6.4e-12 1.0 5.915061e-09
0.998 6.5e-12 1.0 6.392178e-09
0.998 6.6e-12 1.0 7.279122e-09
0.998 6.7e-12 1.0 8.166066e-09
0.998 6.8e-12 1.0 9.053011e-09
0.998 6.9e-12 1.0 9.939955e-09
0.998 7e-12 1.0 1.08269e-08
0.998 7.1e-12 1.0 1.195393e-08
0.998 7.2e-12 1.0 1.308096e-08
0.998 7.3e-12 1.0 1.4208e-08
0.998 7.4e-12 1.0 1.533503e-08
0.998 7.5e-12 1.0 1.646206e-08
0.998 7.6e-12 1.0 1.789817e-08
0.998 7.7e-12 1.0 1.933428e-08
0.998 7.8e-12 1.0 2.07704e-08
0.998 7.9e-12 1.0 2.220651e-08
0.998 8e-12 1.0 2.364262e-08
0.998 8.1e-12 1.0 2.610788e-08
0.998 8.2e-12 1.0 2.857315e-08
0.998 8.3e-12 1.0 3.103841e-08
0.998 8.4e-12 1.0 3.350368e-08
0.998 8.5e-12 1.0 3.596895e-08
0.998 8.6e-12 1.0 4.010992e-08
0.998 8.7e-12 1.0 4.42509e-08
0.998 8.8e-12 1.0 4.839187e-08
0.998 8.9e-12 0.9999999 5.253285e-08
0.998 9e-12 0.9999999 5.667383e-08
0.998 9.1e-12 0.9999999 6.244833e-08
0.998 9.2e-12 0.9999999 6.822283e-08
0.998 9.3e-12 0.9999999 7.399733e-08
0.998 9.4e-12 0.9999999 7.977183e-08
0.998 9.5e-12 0.9999999 8.554633e-08
0.998 9.6e-12 0.9999999 9.33865e-08
0.998 9.7e-12 0.9999999 1.012267e-07
0.998 9.8e-12 0.9999999 1.090669e-07
0.998 9.9e-12 0.9999999 1.16907e-07
0.998 1e-11 0.9999999 1.247472e-07
0.998 1.01e-11 0.9999999 1.368121e-07
0.998 1.02e-11 0.9999999 1.488769e-07
0.998 1.03e-11 0.9999998 1.609418e-07
0.998 1.04e-11 0.9999998 1.730067e-07
0.998 1.05e-11 0.9999998 1.850715e-07
0.998 1.06e-11 0.9999998 2.039149e-07
0.998 1.07e-11 0.9999998 2.227583e-07
0.998 1.08e-11 0.9999998 2.416017e-07
0.998 1.09e-11 0.9999997 2.604451e-07
0.998 1.1e-11 0.9999997 2.792885e-07
0.998 1.11e-11 0.9999997 3.062132e-07
0.998 1.12e-11 0.9999997 3.331378e-07
0.998 1.13e-11 0.9999996 3.600625e-07
0.998 1.14e-11 0.9999996 3.869872e-07
0.998 1.15e-11 0.9999996 4.139118e-07
0.998 1.16e-11 0.9999995 4.512798e-07
0.998 1.17e-11 0.9999995 4.886477e-07
0.998 1.18e-11 0.9999995 5.260157e-07
0.998 1.19e-11 0.9999994 5.633836e-07
0.998 1.2e-11 0.9999994 6.007515e-07
0.998 1.21e-11 0.9999993 6.553927e-07
0.998 1.22e-11 0.9999993 7.100339e-07
0.998 1.23e-11 0.9999992 7.646751e-07
0.998 1.24e-11 0.9999992 8.193163e-07
0.998 1.25e-11 0.9999991 8.739575e-07
0.998 1.26e-11 0.999999 9.551366e-07
0.998 1.27e-11 0.999999 1.036316e-06
0.998 1.28e-11 0.9999989 1.117495e-06
0.998 1.29e-11 0.9999988 1.198674e-06
0.998 1.3e-11 0.9999987 1.279853e-06
0.998 1.31e-11 0.9999986 1.395382e-06
0.998 1.32e-11 0.9999985 1.510912e-06
0.998 1.33e-11 0.9999984 1.626441e-06
0.998 1.34e-11 0.9999983 1.74197e-06
0.998 1.35e-11 0.9999981 1.857499e-06
0.998 1.36e-11 0.999998 2.018055e-06
0.998 1.37e-11 0.9999978 2.178612e-06
0.998 1.38e-11 0.9999977 2.339168e-06
0.998 1.39e-11 0.9999975 2.499724e-06
0.998 1.4e-11 0.9999973 2.660281e-06
0.998 1.41e-11 0.9999971 2.887929e-06
0.998 1.42e-11 0.9999969 3.115578e-06
0.998 1.43e-11 0.9999967 3.343227e-06
0.998 1.44e-11 0.9999964 3.570876e-06
0.998 1.45e-11 0.9999962 3.798525e-06
0.998 1.46e-11 0.9999959 4.124663e-06
0.998 1.47e-11 0.9999955 4.4508e-06
0.998 1.48e-11 0.9999952 4.776938e-06
0.998 1.49e-11 0.9999949 5.103076e-06
0.998 1.5e-11 0.9999946 5.429214e-06
0.998 1.51e-11 0.9999941 5.886369e-06
0.998 1.52e-11 0.9999937 6.343524e-06
0.998 1.53e-11 0.9999932 6.800679e-06
0.998 1.54e-11 0.9999927 7.257835e-06
0.998 1.55e-11 0.9999923 7.71499e-06
0.998 1.56e-11 0.9999917 8.344439e-06
0.998 1.57e-11 0.999991 8.973889e-06
0.998 1.58e-11 0.9999904 9.603339e-06
0.998 1.59e-11 0.9999898 1.023279e-05
0.998 1.6e-11 0.9999891 1.086224e-05
0.998 1.61e-11 0.9999883 1.173381e-05
0.998 1.62e-11 0.9999874 1.260539e-05
0.998 1.63e-11 0.9999865 1.347697e-05
0.998 1.64e-11 0.9999857 1.434854e-05
0.998 1.65e-11 0.9999848 1.522012e-05
0.998 1.66e-11 0.9999836 1.643313e-05
0.998 1.67e-11 0.9999824 1.764614e-05
0.998 1.68e-11 0.9999811 1.885915e-05
0.998 1.69e-11 0.9999799 2.007216e-05
0.998 1.7e-11 0.9999787 2.128517e-05
0.998 1.71e-11 0.999977 2.29529e-05
0.998 1.72e-11 0.9999754 2.462063e-05
0.998 1.73e-11 0.9999737 2.628836e-05
0.998 1.74e-11 0.999972 2.795608e-05
0.998 1.75e-11 0.9999704 2.962381e-05
0.998 1.76e-11 0.9999681 3.188617e-05
0.998 1.77e-11 0.9999659 3.414854e-05
0.998 1.78e-11 0.9999636 3.64109e-05
0.998 1.79e-11 0.9999613 3.867326e-05
0.998 1.8e-11 0.9999591 4.093563e-05
0.998 1.81e-11 0.999956 4.400205e-05
0.998 1.82e-11 0.9999529 4.706848e-05
0.998 1.83e-11 0.9999499 5.01349e-05
0.998 1.84e-11 0.9999468 5.320133e-05
0.998 1.85e-11 0.9999437 5.626775e-05
0.998 1.86e-11 0.9999396 6.042943e-05
0.998 1.87e-11 0.9999354 6.459111e-05
0.998 1.88e-11 0.9999312 6.875278e-05
0.998 1.89e-11 0.9999271 7.291446e-05
0.998 1.9e-11 0.9999229 7.707614e-05
0.998 1.91e-11 0.9999173 8.267967e-05
0.998 1.92e-11 0.9999117 8.82832e-05
0.998 1.93e-11 0.9999061 9.388673e-05
0.998 1.94e-11 0.9999005 9.949026e-05
0.998 1.95e-11 0.9998949 0.0001050938
0.998 1.96e-11 0.9998874 0.0001125605
0.998 1.97e-11 0.99988 0.0001200272
0.998 1.98e-11 0.9998725 0.0001274939
0.998 1.99e-11 0.999865 0.0001349606
0.998 2e-11 0.9998576 0.0001424274
0.998 2.01e-11 0.9998477 0.0001523394
0.998 2.02e-11 0.9998377 0.0001622514
0.998 2.03e-11 0.9998278 0.0001721634
0.998 2.04e-11 0.9998179 0.0001820755
0.998 2.05e-11 0.999808 0.0001919875
0.998 2.06e-11 0.9997949 0.0002051294
0.998 2.07e-11 0.9997817 0.0002182712
0.998 2.08e-11 0.9997686 0.0002314131
0.998 2.09e-11 0.9997554 0.000244555
0.998 2.1e-11 0.9997423 0.0002576969
0.998 2.11e-11 0.999725 0.0002750146
0.998 2.12e-11 0.9997077 0.0002923322
0.998 2.13e-11 0.9996904 0.0003096499
0.998 2.14e-11 0.999673 0.0003269676
0.998 2.15e-11 0.9996557 0.0003442853
0.998 2.16e-11 0.9996331 0.0003669105
0.998 2.17e-11 0.9996105 0.0003895356
0.998 2.18e-11 0.9995878 0.0004121608
0.998 2.19e-11 0.9995652 0.000434786
0.998 2.2e-11 0.9995426 0.0004574112
0.998 2.21e-11 0.9995132 0.0004868192
0.998 2.22e-11 0.9994838 0.0005162272
0.998 2.23e-11 0.9994544 0.0005456352
0.998 2.24e-11 0.999425 0.0005750431
0.998 2.25e-11 0.9993955 0.0006044511
0.998 2.26e-11 0.9993574 0.0006425623
0.998 2.27e-11 0.9993193 0.0006806735
0.998 2.28e-11 0.9992812 0.0007187846
0.998 2.29e-11 0.9992431 0.0007568958
0.998 2.3e-11 0.999205 0.0007950069
0.998 2.31e-11 0.9991559 0.0008441233
0.998 2.32e-11 0.9991068 0.0008932396
0.998 2.33e-11 0.9990576 0.000942356
0.998 2.34e-11 0.9990085 0.0009914723
0.998 2.35e-11 0.9989594 0.001040589
0.998 2.36e-11 0.9988966 0.001103407
0.998 2.37e-11 0.9988338 0.001166225
0.998 2.38e-11 0.998771 0.001229043
0.998 2.39e-11 0.9987081 0.001291861
0.998 2.4e-11 0.9986453 0.001354679
0.998 2.41e-11 0.9985655 0.001434546
0.998 2.42e-11 0.9984856 0.001514412
0.998 2.43e-11 0.9984057 0.001594279
0.998 2.44e-11 0.9983259 0.001674146
0.998 2.45e-11 0.998246 0.001754012
0.998 2.46e-11 0.9981449 0.001855119
0.998 2.47e-11 0.9980438 0.001956225
0.998 2.48e-11 0.9979427 0.002057331
0.998 2.49e-11 0.9978416 0.002158438
0.998 2.5e-11 0.9977405 0.002259544
0.998 2.51e-11 0.9976132 0.002386808
0.998 2.52e-11 0.9974859 0.002514072
0.998 2.53e-11 0.9973587 0.002641336
0.998 2.54e-11 0.9972314 0.0027686
0.998 2.55e-11 0.9971041 0.002895864
0.998 2.56e-11 0.9969451 0.003054865
0.998 2.57e-11 0.9967861 0.003213866
0.998 2.58e-11 0.9966271 0.003372867
0.998 2.59e-11 0.9964681 0.003531868
0.998 2.6e-11 0.9963091 0.003690869
0.998 2.61e-11 0.9961118 0.003888184
0.998 2.62e-11 0.9959145 0.004085498
0.998 2.63e-11 0.9957172 0.004282813
0.998 2.64e-11 0.9955199 0.004480127
0.998 2.65e-11 0.9953226 0.004677441
0.998 2.66e-11 0.9950791 0.00492092
0.998 2.67e-11 0.9948356 0.005164399
0.998 2.68e-11 0.9945921 0.005407878
0.998 2.69e-11 0.9943486 0.005651357
0.998 2.7e-11 0.9941052 0.005894836
0.998 2.71e-11 0.9938067 0.006193313
0.998 2.72e-11 0.9935082 0.00649179
0.998 2.73e-11 0.9932097 0.006790267
0.998 2.74e-11 0.9929113 0.007088745
0.998 2.75e-11 0.9926128 0.007387222
0.998 2.76e-11 0.9922498 0.007750177
0.998 2.77e-11 0.9918869 0.008113133
0.998 2.78e-11 0.9915239 0.008476088
0.998 2.79e-11 0.991161 0.008839044
0.998 2.8e-11 0.990798 0.009201999
0.998 2.81e-11 0.9903602 0.009639837
0.998 2.82e-11 0.9899223 0.01007767
0.998 2.83e-11 0.9894845 0.01051551
0.998 2.84e-11 0.9890467 0.01095335
0.998 2.85e-11 0.9886088 0.01139119
0.998 2.86e-11 0.9880845 0.01191546
0.998 2.87e-11 0.9875603 0.01243974
0.998 2.88e-11 0.987036 0.01296401
0.998 2.89e-11 0.9865117 0.01348829
0.998 2.9e-11 0.9859874 0.01401257
0.998 2.91e-11 0.9853648 0.01463523
0.998 2.92e-11 0.9847421 0.0152579
0.998 2.93e-11 0.9841194 0.01588056
0.998 2.94e-11 0.9834968 0.01650323
0.998 2.95e-11 0.9828741 0.01712589
0.998 2.96e-11 0.9821417 0.01785833
0.998 2.97e-11 0.9814092 0.01859077
0.998 2.98e-11 0.9806768 0.0193232
0.998 2.99e-11 0.9799444 0.02005564
0.998 3e-11 0.9792119 0.02078808
0.998 3.01e-11 0.9783589 0.02164113
0.998 3.02e-11 0.9775058 0.02249418
0.998 3.03e-11 0.9766528 0.02334724
0.998 3.04e-11 0.9757997 0.02420029
0.998 3.05e-11 0.9749467 0.02505334
0.998 3.06e-11 0.9739627 0.02603734
0.998 3.07e-11 0.9729787 0.02702133
0.998 3.08e-11 0.9719947 0.02800533
0.998 3.09e-11 0.9710107 0.02898932
0.998 3.1e-11 0.9700267 0.02997332
0.998 3.11e-11 0.9689034 0.03109657
0.998 3.12e-11 0.9677802 0.03221983
0.998 3.13e-11 0.9666569 0.03334309
0.998 3.14e-11 0.9655337 0.03446635
0.998 3.15e-11 0.9644104 0.03558961
0.998 3.16e-11 0.9631432 0.03685681
0.998 3.17e-11 0.961876 0.03812401
0.998 3.18e-11 0.9606088 0.03939121
0.998 3.19e-11 0.9593416 0.04065841
0.998 3.2e-11 0.9580744 0.04192561
0.998 3.21e-11 0.9566619 0.04333807
0.998 3.22e-11 0.9552495 0.04475054
0.998 3.23e-11 0.953837 0.046163
0.998 3.24e-11 0.9524245 0.04757546
0.998 3.25e-11 0.9510121 0.04898792
0.998 3.26e-11 0.9494561 0.05054395
0.998 3.27e-11 0.9479 0.05209998
0.998 3.28e-11 0.946344 0.05365601
0.998 3.29e-11 0.944788 0.05521203
0.998 3.3e-11 0.9432319 0.05676806
0.998 3.31e-11 0.9415388 0.05846116
0.998 3.32e-11 0.9398457 0.06015426
0.998 3.33e-11 0.9381526 0.06184736
0.998 3.34e-11 0.9364595 0.06354046
0.998 3.35e-11 0.9347664 0.06523356
0.998 3.36e-11 0.9329485 0.06705151
0.998 3.37e-11 0.9311305 0.06886946
0.998 3.38e-11 0.9293126 0.07068741
0.998 3.39e-11 0.9274946 0.07250536
0.998 3.4e-11 0.9256767 0.07432332
0.998 3.41e-11 0.9237493 0.07625068
0.998 3.42e-11 0.921822 0.07817804
0.998 3.43e-11 0.9198946 0.08010541
0.998 3.44e-11 0.9179672 0.08203277
0.998 3.45e-11 0.9160399 0.08396014
0.998 3.46e-11 0.9140205 0.08597949
0.998 3.47e-11 0.9120012 0.08799884
0.998 3.48e-11 0.9099818 0.09001819
0.998 3.49e-11 0.9079625 0.09203754
0.998 3.5e-11 0.9059431 0.09405688
0.998 3.51e-11 0.903853 0.09614701
0.998 3.52e-11 0.9017629 0.09823714
0.998 3.53e-11 0.8996727 0.1003273
0.998 3.54e-11 0.8975826 0.1024174
0.998 3.55e-11 0.8954925 0.1045075
0.998 3.56e-11 0.8933545 0.1066455
0.998 3.57e-11 0.8912165 0.1087835
0.998 3.58e-11 0.8890785 0.1109215
0.998 3.59e-11 0.8869405 0.1130595
0.998 3.6e-11 0.8848025 0.1151975
0.998 3.61e-11 0.8826367 0.1173633
0.998 3.62e-11 0.880471 0.119529
0.998 3.63e-11 0.8783053 0.1216947
0.998 3.64e-11 0.8761395 0.1238605
0.998 3.65e-11 0.8739738 0.1260262
0.998 3.66e-11 0.8717999 0.1282001
0.998 3.67e-11 0.869626 0.130374
0.998 3.68e-11 0.8674521 0.1325479
0.998 3.69e-11 0.8652782 0.1347218
0.998 3.7e-11 0.8631043 0.1368957
0.998 3.71e-11 0.860942 0.139058
0.998 3.72e-11 0.8587797 0.1412203
0.998 3.73e-11 0.8566174 0.1433826
0.998 3.74e-11 0.8544551 0.1455449
0.998 3.75e-11 0.8522928 0.1477072
0.998 3.76e-11 0.8501565 0.1498435
0.998 3.77e-11 0.8480202 0.1519798
0.998 3.78e-11 0.8458839 0.1541161
0.998 3.79e-11 0.8437476 0.1562524
0.998 3.8e-11 0.8416113 0.1583887
0.998 3.81e-11 0.8395131 0.1604869
0.998 3.82e-11 0.8374149 0.1625851
0.998 3.83e-11 0.8353167 0.1646833
0.998 3.84e-11 0.8332186 0.1667814
0.998 3.85e-11 0.8311204 0.1688796
0.998 3.86e-11 0.8290736 0.1709264
0.998 3.87e-11 0.8270268 0.1729732
0.998 3.88e-11 0.82498 0.17502
0.998 3.89e-11 0.8229332 0.1770668
0.998 3.9e-11 0.8208864 0.1791136
0.998 3.91e-11 0.8188981 0.1811019
0.998 3.92e-11 0.8169098 0.1830902
0.998 3.93e-11 0.8149215 0.1850785
0.998 3.94e-11 0.8129332 0.1870668
0.998 3.95e-11 0.810945 0.189055
0.998 3.96e-11 0.8090227 0.1909773
0.998 3.97e-11 0.8071004 0.1928996
0.998 3.98e-11 0.8051781 0.1948219
0.998 3.99e-11 0.8032558 0.1967442
0.998 4e-11 0.8013335 0.1986665
0.998 4.01e-11 0.7994854 0.2005146
0.998 4.02e-11 0.7976374 0.2023626
0.998 4.03e-11 0.7957893 0.2042107
0.998 4.04e-11 0.7939413 0.2060587
0.998 4.05e-11 0.7920933 0.2079067
0.998 4.06e-11 0.7903215 0.2096785
0.998 4.07e-11 0.7885498 0.2114502
0.998 4.08e-11 0.786778 0.213222
0.998 4.09e-11 0.7850063 0.2149937
0.998 4.1e-11 0.7832345 0.2167655
0.998 4.11e-11 0.781546 0.218454
0.998 4.12e-11 0.7798574 0.2201426
0.998 4.13e-11 0.7781689 0.2218311
0.998 4.14e-11 0.7764803 0.2235197
0.998 4.15e-11 0.7747918 0.2252082
0.998 4.16e-11 0.7731878 0.2268122
0.998 4.17e-11 0.7715838 0.2284162
0.998 4.18e-11 0.7699797 0.2300203
0.998 4.19e-11 0.7683757 0.2316243
0.998 4.2e-11 0.7667717 0.2332283
0.998 4.21e-11 0.7652544 0.2347456
0.998 4.22e-11 0.7637372 0.2362628
0.998 4.23e-11 0.7622199 0.2377801
0.998 4.24e-11 0.7607026 0.2392974
0.998 4.25e-11 0.7591853 0.2408147
0.998 4.26e-11 0.757757 0.242243
0.998 4.27e-11 0.7563288 0.2436712
0.998 4.28e-11 0.7549005 0.2450995
0.998 4.29e-11 0.7534723 0.2465277
0.998 4.3e-11 0.7520441 0.2479559
0.998 4.31e-11 0.7507026 0.2492974
0.998 4.32e-11 0.7493612 0.2506388
0.998 4.33e-11 0.7480197 0.2519803
0.998 4.34e-11 0.7466783 0.2533217
0.998 4.35e-11 0.7453369 0.2546631
0.998 4.36e-11 0.7440848 0.2559152
0.998 4.37e-11 0.7428326 0.2571674
0.998 4.38e-11 0.7415805 0.2584195
0.998 4.39e-11 0.7403284 0.2596716
0.998 4.4e-11 0.7390763 0.2609237
0.998 4.41e-11 0.7379087 0.2620913
0.998 4.42e-11 0.7367411 0.2632589
0.998 4.43e-11 0.7355736 0.2644264
0.998 4.44e-11 0.734406 0.265594
0.998 4.45e-11 0.7332384 0.2667616
0.998 4.46e-11 0.7321576 0.2678424
0.998 4.47e-11 0.7310767 0.2689233
0.998 4.48e-11 0.7299959 0.2700041
0.998 4.49e-11 0.728915 0.271085
0.998 4.5e-11 0.7278342 0.2721658
0.998 4.51e-11 0.7268343 0.2731657
0.998 4.52e-11 0.7258345 0.2741655
0.998 4.53e-11 0.7248347 0.2751653
0.998 4.54e-11 0.7238349 0.2761651
0.998 4.55e-11 0.722835 0.277165
0.998 4.56e-11 0.7219184 0.2780816
0.998 4.57e-11 0.7210018 0.2789982
0.998 4.58e-11 0.7200851 0.2799149
0.998 4.59e-11 0.7191685 0.2808315
0.998 4.6e-11 0.7182518 0.2817482
0.998 4.61e-11 0.7174131 0.2825869
0.998 4.62e-11 0.7165744 0.2834256
0.998 4.63e-11 0.7157357 0.2842643
0.998 4.64e-11 0.714897 0.285103
0.998 4.65e-11 0.7140583 0.2859417
0.998 4.66e-11 0.7133002 0.2866998
0.998 4.67e-11 0.7125421 0.2874579
0.998 4.68e-11 0.711784 0.288216
0.998 4.69e-11 0.7110259 0.2889741
0.998 4.7e-11 0.7102678 0.2897322
0.998 4.71e-11 0.7095868 0.2904132
0.998 4.72e-11 0.7089059 0.2910941
0.998 4.73e-11 0.708225 0.291775
0.998 4.74e-11 0.707544 0.292456
0.998 4.75e-11 0.7068631 0.2931369
0.998 4.76e-11 0.7062626 0.2937374
0.998 4.77e-11 0.7056621 0.2943379
0.998 4.78e-11 0.7050616 0.2949384
0.998 4.79e-11 0.7044611 0.2955389
0.998 4.8e-11 0.7038606 0.2961394
0.998 4.81e-11 0.7033403 0.2966597
0.998 4.82e-11 0.70282 0.29718
0.998 4.83e-11 0.7022998 0.2977002
0.998 4.84e-11 0.7017795 0.2982205
0.998 4.85e-11 0.7012592 0.2987408
0.998 4.86e-11 0.7008223 0.2991777
0.998 4.87e-11 0.7003855 0.2996145
0.998 4.88e-11 0.6999486 0.3000514
0.998 4.89e-11 0.6995118 0.3004882
0.998 4.9e-11 0.6990749 0.3009251
0.998 4.91e-11 0.6987252 0.3012748
0.998 4.92e-11 0.6983755 0.3016245
0.998 4.93e-11 0.6980258 0.3019742
0.998 4.94e-11 0.6976762 0.3023238
0.998 4.95e-11 0.6973265 0.3026735
0.998 4.96e-11 0.6970661 0.3029339
0.998 4.97e-11 0.6968058 0.3031942
0.998 4.98e-11 0.6965455 0.3034545
0.998 4.99e-11 0.6962851 0.3037149
0.998 5e-11 0.6960248 0.3039752
0.998 5.01e-11 0.6958608 0.3041392
0.998 5.02e-11 0.6956968 0.3043032
0.998 5.03e-11 0.6955328 0.3044672
0.998 5.04e-11 0.6953687 0.3046313
0.998 5.05e-11 0.6952047 0.3047953
0.998 5.06e-11 0.6951377 0.3048623
0.998 5.07e-11 0.6950707 0.3049293
0.998 5.08e-11 0.6950036 0.3049964
0.998 5.09e-11 0.6949366 0.3050634
0.998 5.1e-11 0.6948696 0.3051304
0.998 5.11e-11 0.6949073 0.3050927
0.998 5.12e-11 0.6949451 0.3050549
0.998 5.13e-11 0.6949828 0.3050172
0.998 5.14e-11 0.6950206 0.3049794
0.998 5.15e-11 0.6950583 0.3049417
0.998 5.16e-11 0.6952001 0.3047999
0.998 5.17e-11 0.695342 0.304658
0.998 5.18e-11 0.6954838 0.3045162
0.998 5.19e-11 0.6956256 0.3043744
0.998 5.2e-11 0.6957674 0.3042326
0.998 5.21e-11 0.6960192 0.3039808
0.998 5.22e-11 0.696271 0.303729
0.998 5.23e-11 0.6965227 0.3034773
0.998 5.24e-11 0.6967745 0.3032255
0.998 5.25e-11 0.6970262 0.3029738
0.998 5.26e-11 0.6973862 0.3026138
0.998 5.27e-11 0.6977462 0.3022538
0.998 5.28e-11 0.6981062 0.3018938
0.998 5.29e-11 0.6984662 0.3015338
0.998 5.3e-11 0.6988262 0.3011738
0.998 5.31e-11 0.6992967 0.3007033
0.998 5.32e-11 0.6997672 0.3002328
0.998 5.33e-11 0.7002378 0.2997622
0.998 5.34e-11 0.7007083 0.2992917
0.998 5.35e-11 0.7011788 0.2988212
0.998 5.36e-11 0.7017576 0.2982424
0.998 5.37e-11 0.7023364 0.2976636
0.998 5.38e-11 0.7029151 0.2970849
0.998 5.39e-11 0.7034939 0.2965061
0.998 5.4e-11 0.7040727 0.2959273
0.998 5.41e-11 0.7047588 0.2952412
0.998 5.42e-11 0.7054448 0.2945552
0.998 5.43e-11 0.7061309 0.2938691
0.998 5.44e-11 0.706817 0.293183
0.998 5.45e-11 0.7075031 0.2924969
0.998 5.46e-11 0.708294 0.291706
0.998 5.47e-11 0.709085 0.290915
0.998 5.48e-11 0.7098759 0.2901241
0.998 5.49e-11 0.7106668 0.2893332
0.998 5.5e-11 0.7114577 0.2885423
0.998 5.51e-11 0.712351 0.287649
0.998 5.52e-11 0.7132444 0.2867556
0.998 5.53e-11 0.7141377 0.2858623
0.998 5.54e-11 0.715031 0.284969
0.998 5.55e-11 0.7159244 0.2840756
0.998 5.56e-11 0.7169178 0.2830822
0.998 5.57e-11 0.7179112 0.2820888
0.998 5.58e-11 0.7189045 0.2810955
0.998 5.59e-11 0.7198979 0.2801021
0.998 5.6e-11 0.7208913 0.2791087
0.998 5.61e-11 0.7219828 0.2780172
0.998 5.62e-11 0.7230742 0.2769258
0.998 5.63e-11 0.7241656 0.2758344
0.998 5.64e-11 0.725257 0.274743
0.998 5.65e-11 0.7263485 0.2736515
0.998 5.66e-11 0.7275354 0.2724646
0.998 5.67e-11 0.7287223 0.2712777
0.998 5.68e-11 0.7299092 0.2700908
0.998 5.69e-11 0.7310961 0.2689039
0.998 5.7e-11 0.732283 0.267717
0.998 5.71e-11 0.7335648 0.2664352
0.998 5.72e-11 0.7348466 0.2651534
0.998 5.73e-11 0.7361285 0.2638715
0.998 5.74e-11 0.7374103 0.2625897
0.998 5.75e-11 0.7386921 0.2613079
0.998 5.76e-11 0.7400648 0.2599352
0.998 5.77e-11 0.7414375 0.2585625
0.998 5.78e-11 0.7428103 0.2571897
0.998 5.79e-11 0.744183 0.255817
0.998 5.8e-11 0.7455557 0.2544443
0.998 5.81e-11 0.7470198 0.2529802
0.998 5.82e-11 0.748484 0.251516
0.998 5.83e-11 0.7499481 0.2500519
0.998 5.84e-11 0.7514122 0.2485878
0.998 5.85e-11 0.7528763 0.2471237
0.998 5.86e-11 0.7544254 0.2455746
0.998 5.87e-11 0.7559744 0.2440256
0.998 5.88e-11 0.7575234 0.2424766
0.998 5.89e-11 0.7590725 0.2409275
0.998 5.9e-11 0.7606215 0.2393785
0.998 5.91e-11 0.7622544 0.2377456
0.998 5.92e-11 0.7638873 0.2361127
0.998 5.93e-11 0.7655202 0.2344798
0.998 5.94e-11 0.7671531 0.2328469
0.998 5.95e-11 0.768786 0.231214
0.998 5.96e-11 0.7704947 0.2295053
0.998 5.97e-11 0.7722034 0.2277966
0.998 5.98e-11 0.7739121 0.2260879
0.998 5.99e-11 0.7756208 0.2243792
0.998 6e-11 0.7773295 0.2226705
0.998 6.01e-11 0.7791069 0.2208931
0.998 6.02e-11 0.7808844 0.2191156
0.998 6.03e-11 0.7826619 0.2173381
0.998 6.04e-11 0.7844393 0.2155607
0.998 6.05e-11 0.7862168 0.2137832
0.998 6.06e-11 0.7880548 0.2119452
0.998 6.07e-11 0.7898928 0.2101072
0.998 6.08e-11 0.7917308 0.2082692
0.998 6.09e-11 0.7935688 0.2064312
0.998 6.1e-11 0.7954068 0.2045932
0.998 6.11e-11 0.7972912 0.2027088
0.998 6.12e-11 0.7991756 0.2008244
0.998 6.13e-11 0.8010599 0.1989401
0.998 6.14e-11 0.8029443 0.1970557
0.998 6.15e-11 0.8048286 0.1951714
0.998 6.16e-11 0.8067476 0.1932524
0.998 6.17e-11 0.8086665 0.1913335
0.998 6.18e-11 0.8105854 0.1894146
0.998 6.19e-11 0.8125043 0.1874957
0.998 6.2e-11 0.8144233 0.1855767
0.998 6.21e-11 0.8163607 0.1836393
0.998 6.22e-11 0.8182981 0.1817019
0.998 6.23e-11 0.8202355 0.1797645
0.998 6.24e-11 0.8221729 0.1778271
0.998 6.25e-11 0.8241104 0.1758896
0.998 6.26e-11 0.8260474 0.1739526
0.998 6.27e-11 0.8279844 0.1720156
0.998 6.28e-11 0.8299214 0.1700786
0.998 6.29e-11 0.8318585 0.1681415
0.998 6.3e-11 0.8337955 0.1662045
0.998 6.31e-11 0.8357154 0.1642846
0.998 6.32e-11 0.8376353 0.1623647
0.998 6.33e-11 0.8395551 0.1604449
0.998 6.34e-11 0.841475 0.158525
0.998 6.35e-11 0.8433949 0.1566051
0.998 6.36e-11 0.8452784 0.1547216
0.998 6.37e-11 0.8471619 0.1528381
0.998 6.38e-11 0.8490454 0.1509546
0.998 6.39e-11 0.8509289 0.1490711
0.998 6.4e-11 0.8528124 0.1471876
0.998 6.41e-11 0.8546397 0.1453603
0.998 6.42e-11 0.856467 0.143533
0.998 6.43e-11 0.8582942 0.1417058
0.998 6.44e-11 0.8601215 0.1398785
0.998 6.45e-11 0.8619488 0.1380512
0.998 6.46e-11 0.8637035 0.1362965
0.998 6.47e-11 0.8654581 0.1345419
0.998 6.48e-11 0.8672128 0.1327872
0.998 6.49e-11 0.8689675 0.1310325
0.998 6.5e-11 0.8707221 0.1292779
0.998 6.51e-11 0.8723889 0.1276111
0.998 6.52e-11 0.8740556 0.1259444
0.998 6.53e-11 0.8757223 0.1242777
0.998 6.54e-11 0.8773891 0.1226109
0.998 6.55e-11 0.8790558 0.1209442
0.998 6.56e-11 0.8806204 0.1193796
0.998 6.57e-11 0.882185 0.117815
0.998 6.58e-11 0.8837497 0.1162503
0.998 6.59e-11 0.8853143 0.1146857
0.998 6.6e-11 0.8868789 0.1131211
0.998 6.61e-11 0.8883314 0.1116686
0.998 6.62e-11 0.889784 0.110216
0.998 6.63e-11 0.8912366 0.1087634
0.998 6.64e-11 0.8926891 0.1073109
0.998 6.65e-11 0.8941417 0.1058583
0.998 6.66e-11 0.895476 0.104524
0.998 6.67e-11 0.8968104 0.1031896
0.998 6.68e-11 0.8981448 0.1018552
0.998 6.69e-11 0.8994791 0.1005209
0.998 6.7e-11 0.9008135 0.09918651
0.998 6.71e-11 0.9020256 0.09797437
0.998 6.72e-11 0.9032378 0.09676222
0.998 6.73e-11 0.9044499 0.09555007
0.998 6.74e-11 0.9056621 0.09433793
0.998 6.75e-11 0.9068742 0.09312578
0.998 6.76e-11 0.9079632 0.09203684
0.998 6.77e-11 0.9090521 0.0909479
0.998 6.78e-11 0.910141 0.08985895
0.998 6.79e-11 0.91123 0.08877001
0.998 6.8e-11 0.9123189 0.08768107
0.998 6.81e-11 0.9132874 0.08671256
0.998 6.82e-11 0.914256 0.08574404
0.998 6.83e-11 0.9152245 0.08477552
0.998 6.84e-11 0.916193 0.08380701
0.998 6.85e-11 0.9171615 0.08283849
0.998 6.86e-11 0.9180147 0.08198533
0.998 6.87e-11 0.9188678 0.08113216
0.998 6.88e-11 0.919721 0.080279
0.998 6.89e-11 0.9205742 0.07942583
0.998 6.9e-11 0.9214273 0.07857267
0.998 6.91e-11 0.9221714 0.07782863
0.998 6.92e-11 0.9229154 0.07708458
0.998 6.93e-11 0.9236595 0.07634054
0.998 6.94e-11 0.9244035 0.0755965
0.998 6.95e-11 0.9251475 0.07485245
0.998 6.96e-11 0.9257902 0.07420978
0.998 6.97e-11 0.9264329 0.07356712
0.998 6.98e-11 0.9270755 0.07292445
0.998 6.99e-11 0.9277182 0.07228178
0.998 7e-11 0.9283609 0.07163912
0.998 7.01e-11 0.9289113 0.07108866
0.998 7.02e-11 0.9294618 0.07053821
0.998 7.03e-11 0.9300123 0.06998775
0.998 7.04e-11 0.9305627 0.06943729
0.998 7.05e-11 0.9311132 0.06888684
0.998 7.06e-11 0.9315809 0.06841915
0.998 7.07e-11 0.9320485 0.06795146
0.998 7.08e-11 0.9325162 0.06748377
0.998 7.09e-11 0.9329839 0.06701609
0.998 7.1e-11 0.9334516 0.0665484
0.998 7.11e-11 0.9338456 0.06615443
0.998 7.12e-11 0.9342395 0.06576046
0.998 7.13e-11 0.9346335 0.06536649
0.998 7.14e-11 0.9350275 0.06497252
0.998 7.15e-11 0.9354214 0.06457856
0.998 7.16e-11 0.9357506 0.0642494
0.998 7.17e-11 0.9360798 0.06392025
0.998 7.18e-11 0.9364089 0.06359109
0.998 7.19e-11 0.9367381 0.06326194
0.998 7.2e-11 0.9370672 0.06293278
0.998 7.21e-11 0.9373403 0.06265967
0.998 7.22e-11 0.9376134 0.06238656
0.998 7.23e-11 0.9378865 0.06211345
0.998 7.24e-11 0.9381597 0.06184035
0.998 7.25e-11 0.9384328 0.06156724
0.998 7.26e-11 0.9386579 0.06134212
0.998 7.27e-11 0.938883 0.061117
0.998 7.28e-11 0.9391081 0.06089189
0.998 7.29e-11 0.9393332 0.06066677
0.998 7.3e-11 0.9395583 0.06044165
0.998 7.31e-11 0.9397425 0.06025747
0.998 7.32e-11 0.9399267 0.06007329
0.998 7.33e-11 0.9401109 0.05988911
0.998 7.34e-11 0.9402951 0.05970493
0.998 7.35e-11 0.9404793 0.05952075
0.998 7.36e-11 0.9406288 0.05937116
0.998 7.37e-11 0.9407784 0.05922157
0.998 7.38e-11 0.940928 0.05907199
0.998 7.39e-11 0.9410776 0.0589224
0.998 7.4e-11 0.9412272 0.05877282
0.998 7.41e-11 0.941348 0.05865203
0.998 7.42e-11 0.9414687 0.05853125
0.998 7.43e-11 0.9415895 0.05841047
0.998 7.44e-11 0.9417103 0.05828969
0.998 7.45e-11 0.9418311 0.05816891
0.998 7.46e-11 0.9419281 0.0580719
0.998 7.47e-11 0.9420251 0.0579749
0.998 7.48e-11 0.9421221 0.0578779
0.998 7.49e-11 0.9422191 0.0577809
0.998 7.5e-11 0.9423161 0.0576839
0.998 7.51e-11 0.9423935 0.05760652
0.998 7.52e-11 0.9424709 0.05752914
0.998 7.53e-11 0.9425482 0.05745176
0.998 7.54e-11 0.9426256 0.05737438
0.998 7.55e-11 0.942703 0.05729701
0.998 7.56e-11 0.9427643 0.05723572
0.998 7.57e-11 0.9428256 0.05717443
0.998 7.58e-11 0.9428869 0.05711314
0.998 7.59e-11 0.9429481 0.05705185
0.998 7.6e-11 0.9430094 0.05699056
0.998 7.61e-11 0.9430577 0.05694227
0.998 7.62e-11 0.943106 0.05689398
0.998 7.63e-11 0.9431543 0.05684569
0.998 7.64e-11 0.9432026 0.0567974
0.998 7.65e-11 0.9432509 0.05674911
0.998 7.66e-11 0.9432888 0.05671122
0.998 7.67e-11 0.9433267 0.05667333
0.998 7.68e-11 0.9433646 0.05663544
0.998 7.69e-11 0.9434025 0.05659755
0.998 7.7e-11 0.9434403 0.05655966
0.998 7.71e-11 0.9434699 0.05653012
0.998 7.72e-11 0.9434994 0.05650058
0.998 7.73e-11 0.943529 0.05647104
0.998 7.74e-11 0.9435585 0.0564415
0.998 7.75e-11 0.943588 0.05641196
0.998 7.76e-11 0.9436109 0.0563891
0.998 7.77e-11 0.9436338 0.05636624
0.998 7.78e-11 0.9436566 0.05634338
0.998 7.79e-11 0.9436795 0.05632053
0.998 7.8e-11 0.9437023 0.05629767
0.998 7.81e-11 0.9437199 0.05628007
0.998 7.82e-11 0.9437375 0.05626247
0.998 7.83e-11 0.9437551 0.05624487
0.998 7.84e-11 0.9437727 0.05622727
0.998 7.85e-11 0.9437903 0.05620967
0.998 7.86e-11 0.9438038 0.05619616
0.998 7.87e-11 0.9438174 0.05618265
0.998 7.88e-11 0.9438309 0.05616914
0.998 7.89e-11 0.9438444 0.05615562
0.998 7.9e-11 0.9438579 0.05614211
0.998 7.91e-11 0.9438682 0.0561318
0.998 7.92e-11 0.9438785 0.05612149
0.998 7.93e-11 0.9438888 0.05611118
0.998 7.94e-11 0.9438991 0.05610087
0.998 7.95e-11 0.9439094 0.05609055
0.998 7.96e-11 0.9439172 0.05608275
0.998 7.97e-11 0.943925 0.05607495
0.998 7.98e-11 0.9439328 0.05606715
0.998 7.99e-11 0.9439407 0.05605935
0.998 8e-11 0.9439485 0.05605155
0.998 8.01e-11 0.9439543 0.05604568
0.998 8.02e-11 0.9439602 0.0560398
0.998 8.03e-11 0.9439661 0.05603393
0.998 8.04e-11 0.9439719 0.05602806
0.998 8.05e-11 0.9439778 0.05602219
0.998 8.06e-11 0.9439822 0.05601777
0.998 8.07e-11 0.9439866 0.05601336
0.998 8.08e-11 0.9439911 0.05600895
0.998 8.09e-11 0.9439955 0.05600453
0.998 8.1e-11 0.9439999 0.05600012
0.998 8.11e-11 0.9440032 0.05599681
0.998 8.12e-11 0.9440065 0.05599351
0.998 8.13e-11 0.9440098 0.05599021
0.998 8.14e-11 0.9440131 0.05598691
0.998 8.15e-11 0.9440164 0.0559836
0.998 8.16e-11 0.9440188 0.05598116
0.998 8.17e-11 0.9440213 0.05597872
0.998 8.18e-11 0.9440237 0.05597627
0.998 8.19e-11 0.9440262 0.05597383
0.998 8.2e-11 0.9440286 0.05597139
0.998 8.21e-11 0.9440304 0.05596959
0.998 8.22e-11 0.9440322 0.05596779
0.998 8.23e-11 0.944034 0.055966
0.998 8.24e-11 0.9440358 0.0559642
0.998 8.25e-11 0.9440376 0.0559624
0.998 8.26e-11 0.9440389 0.05596108
0.998 8.27e-11 0.9440402 0.05595976
0.998 8.28e-11 0.9440416 0.05595843
0.998 8.29e-11 0.9440429 0.05595711
0.998 8.3e-11 0.9440442 0.05595579
0.998 8.31e-11 0.9440452 0.05595481
0.998 8.32e-11 0.9440462 0.05595384
0.998 8.33e-11 0.9440471 0.05595287
0.998 8.34e-11 0.9440481 0.0559519
0.998 8.35e-11 0.9440491 0.05595092
0.998 8.36e-11 0.9440498 0.05595022
0.998 8.37e-11 0.9440505 0.05594952
0.998 8.38e-11 0.9440512 0.05594881
0.998 8.39e-11 0.9440519 0.05594811
0.998 8.4e-11 0.9440526 0.0559474
0.998 8.41e-11 0.9440531 0.0559469
0.998 8.42e-11 0.9440536 0.0559464
0.998 8.43e-11 0.9440541 0.05594589
0.998 8.44e-11 0.9440546 0.05594539
0.998 8.45e-11 0.9440551 0.05594488
0.998 8.46e-11 0.9440555 0.05594452
0.998 8.47e-11 0.9440558 0.05594415
0.998 8.48e-11 0.9440562 0.05594379
0.998 8.49e-11 0.9440566 0.05594343
0.998 8.5e-11 0.9440569 0.05594306
0.998 8.51e-11 0.9440572 0.0559428
0.998 8.52e-11 0.9440575 0.05594253
0.998 8.53e-11 0.9440577 0.05594227
0.998 8.54e-11 0.944058 0.05594201
0.998 8.55e-11 0.9440583 0.05594174
0.998 8.56e-11 0.9440584 0.05594156
0.998 8.57e-11 0.9440586 0.05594137
0.998 8.58e-11 0.9440588 0.05594118
0.998 8.59e-11 0.944059 0.055941
0.998 8.6e-11 0.9440592 0.05594081
0.998 8.61e-11 0.9440593 0.05594068
0.998 8.62e-11 0.9440595 0.05594055
0.998 8.63e-11 0.9440596 0.05594042
0.998 8.64e-11 0.9440597 0.05594029
0.998 8.65e-11 0.9440598 0.05594016
0.998 8.66e-11 0.9440599 0.05594007
0.998 8.67e-11 0.94406 0.05593998
0.998 8.68e-11 0.9440601 0.05593988
0.998 8.69e-11 0.9440602 0.05593979
0.998 8.7e-11 0.9440603 0.0559397
0.998 8.71e-11 0.9440604 0.05593963
0.998 8.72e-11 0.9440604 0.05593957
0.998 8.73e-11 0.9440605 0.0559395
0.998 8.74e-11 0.9440606 0.05593944
0.998 8.75e-11 0.9440606 0.05593937
0.998 8.76e-11 0.9440607 0.05593932
0.998 8.77e-11 0.9440607 0.05593928
0.998 8.78e-11 0.9440608 0.05593923
0.998 8.79e-11 0.9440608 0.05593919
0.998 8.8e-11 0.9440609 0.05593914
0.998 8.81e-11 0.9440609 0.05593911
0.998 8.82e-11 0.9440609 0.05593908
0.998 8.83e-11 0.944061 0.05593905
0.998 8.84e-11 0.944061 0.05593902
0.998 8.85e-11 0.944061 0.05593899
0.998 8.86e-11 0.944061 0.05593897
0.998 8.87e-11 0.9440611 0.05593895
0.998 8.88e-11 0.9440611 0.05593892
0.998 8.89e-11 0.9440611 0.0559389
0.998 8.9e-11 0.9440611 0.05593888
0.998 8.91e-11 0.9440611 0.05593887
0.998 8.92e-11 0.9440611 0.05593885
0.998 8.93e-11 0.9440612 0.05593884
0.998 8.94e-11 0.9440612 0.05593882
0.998 8.95e-11 0.9440612 0.05593881
0.998 8.96e-11 0.9440612 0.0559388
0.998 8.97e-11 0.9440612 0.05593878
0.998 8.98e-11 0.9440612 0.05593877
0.998 8.99e-11 0.9440612 0.05593876
0.998 9e-11 0.9440612 0.05593875
0.998 9.01e-11 0.9440613 0.05593875
0.998 9.02e-11 0.9440613 0.05593874
0.998 9.03e-11 0.9440613 0.05593873
0.998 9.04e-11 0.9440613 0.05593873
0.998 9.05e-11 0.9440613 0.05593872
0.998 9.06e-11 0.9440613 0.05593872
0.998 9.07e-11 0.9440613 0.05593871
0.998 9.08e-11 0.9440613 0.05593871
0.998 9.09e-11 0.9440613 0.0559387
0.998 9.1e-11 0.9440613 0.0559387
0.998 9.11e-11 0.9440613 0.05593869
0.998 9.12e-11 0.9440613 0.05593869
0.998 9.13e-11 0.9440613 0.05593869
0.998 9.14e-11 0.9440613 0.05593869
0.998 9.15e-11 0.9440613 0.05593868
0.998 9.16e-11 0.9440613 0.05593868
0.998 9.17e-11 0.9440613 0.05593868
0.998 9.18e-11 0.9440613 0.05593868
0.998 9.19e-11 0.9440613 0.05593867
0.998 9.2e-11 0.9440613 0.05593867
0.998 9.21e-11 0.9440613 0.05593867
0.998 9.22e-11 0.9440613 0.05593867
0.998 9.23e-11 0.9440613 0.05593867
0.998 9.24e-11 0.9440613 0.05593867
0.998 9.25e-11 0.9440613 0.05593866
0.998 9.26e-11 0.9440613 0.05593866
0.998 9.27e-11 0.9440613 0.05593866
0.998 9.28e-11 0.9440613 0.05593866
0.998 9.29e-11 0.9440613 0.05593866
0.998 9.3e-11 0.9440613 0.05593866
0.998 9.31e-11 0.9440613 0.05593866
0.998 9.32e-11 0.9440613 0.05593866
0.998 9.33e-11 0.9440613 0.05593866
0.998 9.34e-11 0.9440613 0.05593866
0.998 9.35e-11 0.9440613 0.05593866
0.998 9.36e-11 0.9440613 0.05593866
0.998 9.37e-11 0.9440613 0.05593866
0.998 9.38e-11 0.9440613 0.05593866
0.998 9.39e-11 0.9440613 0.05593865
0.998 9.4e-11 0.9440613 0.05593865
0.998 9.41e-11 0.9440613 0.05593865
0.998 9.42e-11 0.9440613 0.05593865
0.998 9.43e-11 0.9440613 0.05593865
0.998 9.44e-11 0.9440613 0.05593865
0.998 9.45e-11 0.9440613 0.05593865
0.998 9.46e-11 0.9440613 0.05593865
0.998 9.47e-11 0.9440613 0.05593865
0.998 9.48e-11 0.9440613 0.05593865
0.998 9.49e-11 0.9440613 0.05593865
0.998 9.5e-11 0.9440613 0.05593865
0.998 9.51e-11 0.9440613 0.05593865
0.998 9.52e-11 0.9440613 0.05593865
0.998 9.53e-11 0.9440613 0.05593865
0.998 9.54e-11 0.9440613 0.05593865
0.998 9.55e-11 0.9440613 0.05593865
0.998 9.56e-11 0.9440613 0.05593865
0.998 9.57e-11 0.9440613 0.05593865
0.998 9.58e-11 0.9440613 0.05593865
0.998 9.59e-11 0.9440613 0.05593865
0.998 9.6e-11 0.9440613 0.05593865
0.998 9.61e-11 0.9440613 0.05593865
0.998 9.62e-11 0.9440613 0.05593865
0.998 9.63e-11 0.9440613 0.05593865
0.998 9.64e-11 0.9440613 0.05593865
0.998 9.65e-11 0.9440613 0.05593865
0.998 9.66e-11 0.9440613 0.05593865
0.998 9.67e-11 0.9440613 0.05593865
0.998 9.68e-11 0.9440613 0.05593865
0.998 9.69e-11 0.9440613 0.05593865
0.998 9.7e-11 0.9440613 0.05593865
0.998 9.71e-11 0.9440613 0.05593865
0.998 9.72e-11 0.9440613 0.05593865
0.998 9.73e-11 0.9440613 0.05593865
0.998 9.74e-11 0.9440613 0.05593865
0.998 9.75e-11 0.9440613 0.05593865
0.998 9.76e-11 0.9440613 0.05593865
0.998 9.77e-11 0.9440613 0.05593865
0.998 9.78e-11 0.9440613 0.05593865
0.998 9.79e-11 0.9440613 0.05593865
0.998 9.8e-11 0.9440613 0.05593865
0.998 9.81e-11 0.9440613 0.05593865
0.998 9.82e-11 0.9440613 0.05593865
0.998 9.83e-11 0.9440613 0.05593865
0.998 9.84e-11 0.9440613 0.05593865
0.998 9.85e-11 0.9440613 0.05593865
0.998 9.86e-11 0.9440613 0.05593865
0.998 9.87e-11 0.9440613 0.05593865
0.998 9.88e-11 0.9440613 0.05593865
0.998 9.89e-11 0.9440613 0.05593865
0.998 9.9e-11 0.9440613 0.05593865
0.998 9.91e-11 0.9440613 0.05593865
0.998 9.92e-11 0.9440613 0.05593865
0.998 9.93e-11 0.9440613 0.05593865
0.998 9.94e-11 0.9440613 0.05593865
0.998 9.95e-11 0.9440613 0.05593865
0.998 9.96e-11 0.9440613 0.05593865
0.998 9.97e-11 0.9440613 0.05593865
0.998 9.98e-11 0.9440613 0.05593865
0.998 9.99e-11 0.9440613 0.05593865

0.99808 0.0 1.0 0.0
0.99808 1e-13 1.0 7.34386e-12
0.99808 2e-13 1.0 1.468772e-11
0.99808 3e-13 1.0 2.203158e-11
0.99808 4e-13 1.0 2.937544e-11
0.99808 5e-13 1.0 3.67193e-11
0.99808 6e-13 1.0 4.989813e-11
0.99808 7e-13 1.0 6.307696e-11
0.99808 8e-13 1.0 7.625578e-11
0.99808 9e-13 1.0 8.943461e-11
0.99808 1e-12 1.0 1.026134e-10
0.99808 1.1e-12 1.0 1.032665e-10
0.99808 1.2e-12 1.0 1.039195e-10
0.99808 1.3e-12 1.0 1.045726e-10
0.99808 1.4e-12 1.0 1.052256e-10
0.99808 1.5e-12 1.0 1.058787e-10
0.99808 1.6e-12 1.0 9.848586e-11
0.99808 1.7e-12 1.0 9.109304e-11
0.99808 1.8e-12 1.0 8.370021e-11
0.99808 1.9e-12 1.0 7.630739e-11
0.99808 2e-12 1.0 6.891456e-11
0.99808 2.1e-12 1.0 8.634694e-11
0.99808 2.2e-12 1.0 1.037793e-10
0.99808 2.3e-12 1.0 1.212117e-10
0.99808 2.4e-12 1.0 1.386441e-10
0.99808 2.5e-12 1.0 1.560764e-10
0.99808 2.6e-12 1.0 2.06319e-10
0.99808 2.7e-12 1.0 2.565615e-10
0.99808 2.8e-12 1.0 3.068041e-10
0.99808 2.9e-12 1.0 3.570466e-10
0.99808 3e-12 1.0 4.072892e-10
0.99808 3.1e-12 1.0 4.466525e-10
0.99808 3.2e-12 1.0 4.860158e-10
0.99808 3.3e-12 1.0 5.253791e-10
0.99808 3.4e-12 1.0 5.647424e-10
0.99808 3.5e-12 1.0 6.041057e-10
0.99808 3.6e-12 1.0 6.188773e-10
0.99808 3.7e-12 1.0 6.336489e-10
0.99808 3.8e-12 1.0 6.484205e-10
0.99808 3.9e-12 1.0 6.631921e-10
0.99808 4e-12 1.0 6.779637e-10
0.99808 4.1e-12 1.0 7.513549e-10
0.99808 4.2e-12 1.0 8.247461e-10
0.99808 4.3e-12 1.0 8.981373e-10
0.99808 4.4e-12 1.0 9.715284e-10
0.99808 4.5e-12 1.0 1.04492e-09
0.99808 4.6e-12 1.0 1.248298e-09
0.99808 4.7e-12 1.0 1.451676e-09
0.99808 4.8e-12 1.0 1.655055e-09
0.99808 4.9e-12 1.0 1.858433e-09
0.99808 5e-12 1.0 2.061811e-09
0.99808 5.1e-12 1.0 2.324242e-09
0.99808 5.2e-12 1.0 2.586673e-09
0.99808 5.3e-12 1.0 2.849104e-09
0.99808 5.4e-12 1.0 3.111535e-09
0.99808 5.5e-12 1.0 3.373966e-09
0.99808 5.6e-12 1.0 3.625801e-09
0.99808 5.7e-12 1.0 3.877635e-09
0.99808 5.8e-12 1.0 4.129469e-09
0.99808 5.9e-12 1.0 4.381304e-09
0.99808 6e-12 1.0 4.633138e-09
0.99808 6.1e-12 1.0 5.059633e-09
0.99808 6.2e-12 1.0 5.486128e-09
0.99808 6.3e-12 1.0 5.912623e-09
0.99808 6.4e-12 1.0 6.339118e-09
0.99808 6.5e-12 1.0 6.765613e-09
0.99808 6.6e-12 1.0 7.666182e-09
0.99808 6.7e-12 1.0 8.566751e-09
0.99808 6.8e-12 1.0 9.46732e-09
0.99808 6.9e-12 1.0 1.036789e-08
0.99808 7e-12 1.0 1.126846e-08
0.99808 7.1e-12 1.0 1.264821e-08
0.99808 7.2e-12 1.0 1.402796e-08
0.99808 7.3e-12 1.0 1.540771e-08
0.99808 7.4e-12 1.0 1.678746e-08
0.99808 7.5e-12 1.0 1.816721e-08
0.99808 7.6e-12 1.0 1.987904e-08
0.99808 7.7e-12 1.0 2.159087e-08
0.99808 7.8e-12 1.0 2.330271e-08
0.99808 7.9e-12 1.0 2.501454e-08
0.99808 8e-12 1.0 2.672638e-08
0.99808 8.1e-12 1.0 2.918447e-08
0.99808 8.2e-12 1.0 3.164256e-08
0.99808 8.3e-12 1.0 3.410065e-08
0.99808 8.4e-12 1.0 3.655875e-08
0.99808 8.5e-12 1.0 3.901684e-08
0.99808 8.6e-12 1.0 4.32366e-08
0.99808 8.7e-12 1.0 4.745635e-08
0.99808 8.8e-12 0.9999999 5.167611e-08
0.99808 8.9e-12 0.9999999 5.589587e-08
0.99808 9e-12 0.9999999 6.011562e-08
0.99808 9.1e-12 0.9999999 6.673646e-08
0.99808 9.2e-12 0.9999999 7.33573e-08
0.99808 9.3e-12 0.9999999 7.997814e-08
0.99808 9.4e-12 0.9999999 8.659899e-08
0.99808 9.5e-12 0.9999999 9.321983e-08
0.99808 9.6e-12 0.9999999 1.023271e-07
0.99808 9.7e-12 0.9999999 1.114343e-07
0.99808 9.8e-12 0.9999999 1.205415e-07
0.99808 9.9e-12 0.9999999 1.296487e-07
0.99808 1e-11 0.9999999 1.38756e-07
0.99808 1.01e-11 0.9999998 1.515034e-07
0.99808 1.02e-11 0.9999998 1.642508e-07
0.99808 1.03e-11 0.9999998 1.769982e-07
0.99808 1.04e-11 0.9999998 1.897456e-07
0.99808 1.05e-11 0.9999998 2.024931e-07
0.99808 1.06e-11 0.9999998 2.220703e-07
0.99808 1.07e-11 0.9999998 2.416476e-07
0.99808 1.08e-11 0.9999997 2.612249e-07
0.99808 1.09e-11 0.9999997 2.808021e-07
0.99808 1.1e-11 0.9999997 3.003794e-07
0.99808 1.11e-11 0.9999997 3.302276e-07
0.99808 1.12e-11 0.9999996 3.600758e-07
0.99808 1.13e-11 0.9999996 3.89924e-07
0.99808 1.14e-11 0.9999996 4.197722e-07
0.99808 1.15e-11 0.9999996 4.496204e-07
0.99808 1.16e-11 0.9999995 4.920636e-07
0.99808 1.17e-11 0.9999995 5.345067e-07
0.99808 1.18e-11 0.9999994 5.769499e-07
0.99808 1.19e-11 0.9999994 6.19393e-07
0.99808 1.2e-11 0.9999993 6.618362e-07
0.99808 1.21e-11 0.9999993 7.210947e-07
0.99808 1.22e-11 0.9999992 7.803532e-07
0.99808 1.23e-11 0.9999992 8.396118e-07
0.99808 1.24e-11 0.9999991 8.988703e-07
0.99808 1.25e-11 0.999999 9.581288e-07
0.99808 1.26e-11 0.999999 1.044114e-06
0.99808 1.27e-11 0.9999989 1.1301e-06
0.99808 1.28e-11 0.9999988 1.216085e-06
0.99808 1.29e-11 0.9999987 1.302071e-06
0.99808 1.3e-11 0.9999986 1.388057e-06
0.99808 1.31e-11 0.9999985 1.514307e-06
0.99808 1.32e-11 0.9999984 1.640557e-06
0.99808 1.33e-11 0.9999982 1.766808e-06
0.99808 1.34e-11 0.9999981 1.893058e-06
0.99808 1.35e-11 0.999998 2.019309e-06
